player,team,games,points_per_game,rebounds_per_game,assists_per_game,steals_per_game,blocks_per_game,turnovers_per_game,fga_per_game,fgm_per_game,fta_per_game,ftm_per_game,eff_per_game,eff_rank
Nikola Jokić,DEN,65,27.68,12.86,10.72,1.42,0.82,3.74,17.42,9.91,7.38,6.14,41.01,1
Luka Dončić,LAL,64,33.48,7.73,8.28,1.64,0.53,3.98,22.77,10.83,10.08,7.86,33.52,2
Shai Gilgeous-Alexander,OKC,68,31.13,4.29,6.59,1.4,0.76,2.22,19.43,10.75,9.03,7.94,32.18,3
Victor Wembanyama,SAS,64,25,11.5,3.11,1.03,3.08,2.42,16.88,8.64,7.03,5.81,31.84,4
Giannis Antetokounmpo,MIL,36,27.58,9.78,5.44,0.94,0.67,3.19,16.61,10.36,9.92,6.44,31.49,5
Jalen Johnson,ATL,72,22.51,10.28,7.86,1.24,0.43,3.39,17.06,8.33,5.31,4.18,29.07,6
Kawhi Leonard,LAC,65,27.89,6.35,3.6,1.88,0.42,2.05,19.35,9.77,6.4,5.71,27.82,7
Tyrese Maxey,PHI,70,28.29,4.14,6.59,1.86,0.79,2.44,21.44,9.91,5.96,5.31,27.05,8
Cade Cunningham,DET,64,23.92,5.55,9.91,1.44,0.84,3.69,18.58,8.56,5.97,4.84,26.82,9
Joel Embiid,PHI,38,26.87,7.71,3.95,0.55,1.21,2.87,18.34,8.97,8.82,7.53,26.76,10
Jalen Duren,DET,70,19.5,10.53,1.97,0.81,0.84,1.86,11.47,7.46,6.14,4.59,26.23,11
Karl-Anthony Towns,NYK,75,20.05,11.85,3.01,0.87,0.53,2.49,13.76,6.89,5.55,4.76,26.16,12
Jamal Murray,DEN,75,25.4,4.4,7.13,0.88,0.39,2.28,18.13,8.76,5.2,4.61,25.96,13
Donovan Mitchell,CLE,70,27.89,4.51,5.69,1.49,0.29,2.83,20.04,9.69,6.14,5.31,25.86,14
Jaylen Brown,BOS,71,28.7,6.93,5.13,1.01,0.38,3.65,21.73,10.37,7.55,6,25.59,15
Anthony Davis,DAL,20,20.35,11.05,2.8,1.1,1.65,2.05,16.7,8.45,4.05,2.95,25.55,16
Kevin Durant,HOU,78,25.97,5.46,4.77,0.79,0.91,3.15,17.64,9.18,5.99,5.23,25.53,17
Alperen Şengün,HOU,72,20.36,8.89,6.18,1.18,1.07,3.15,15.6,8.1,5.22,3.61,25.42,18
Lauri Markkanen,UTA,42,26.74,6.88,2.12,1,0.5,1.5,19.17,9.14,6.38,5.71,25.04,19
Anthony Edwards,MIN,61,28.8,4.95,3.7,1.36,0.8,2.85,20.18,9.87,7.16,5.7,24.99,20
Deni Avdija,POR,66,24.21,6.88,6.7,0.77,0.62,3.83,16.12,7.45,9.24,7.41,24.85,21
Walker Kessler,UTA,5,14.4,10.8,3,1.4,1.8,3.2,7.4,5.2,4,2.8,24.8,22
Jayson Tatum,BOS,16,21.75,10,5.31,1.38,0.19,2.44,17.94,7.38,4.94,4.06,24.75,23
James Harden,LAC,70,23.6,4.8,7.96,1.13,0.4,3.5,16.04,6.96,7.49,6.61,24.43,24
LeBron James,LAL,60,20.93,6.07,7.2,1.2,0.58,2.98,15.32,7.88,5.27,3.88,24.17,25
Scottie Barnes,TOR,80,18.1,7.5,5.92,1.43,1.45,2.63,14.04,7.11,3.71,3.02,24.15,26
Josh Giddey,CHI,54,17.02,8.3,9.15,1.02,0.5,3.63,13.28,5.94,4.22,3.22,24.02,27
Amen Thompson,HOU,79,18.27,7.77,5.32,1.51,0.61,2.41,13.22,7.05,4.94,3.85,23.81,28
Jimmy Butler,GSW,38,20,5.55,4.87,1.45,0.21,1.58,12.16,6.32,7.55,6.53,23.64,29
Evan Mobley,CLE,65,18.15,9.02,3.6,0.74,1.74,1.88,13.22,7.22,4.57,2.77,23.57,30
Bam Adebayo,MIA,73,20.11,10.03,3.18,1.18,0.67,1.64,15.68,6.93,5.79,4.51,23.5,31
Paolo Banchero,ORL,72,22.21,8.39,5.18,0.71,0.56,3.08,16,7.35,8.19,6.35,23.48,32
Austin Reaves,LAL,51,23.27,4.71,5.49,1.1,0.39,2.96,14.94,7.31,7.27,6.33,23.43,33
Domantas Sabonis,SAC,19,15.84,11.37,4.11,0.95,0.21,2.68,11.63,6.32,4.05,2.95,23.39,34
Stephen Curry,GSW,43,26.56,3.58,4.72,1.14,0.4,2.81,18.58,8.7,5.14,4.74,23.31,35
Jalen Brunson,NYK,74,26.04,3.34,6.8,0.77,0.11,2.36,19.93,9.31,5.69,4.78,23.17,36
Chet Holmgren,OKC,69,17.12,8.91,1.67,0.62,1.9,1.55,11.29,6.29,4.12,3.26,22.81,37
Michael Porter Jr.,BRK,52,24.21,7.06,3.04,1.06,0.25,2.35,18.42,8.54,4.37,3.75,22.77,38
Devin Booker,PHO,64,26.06,3.88,6.03,0.8,0.28,3.14,18.72,8.53,8.13,7.09,22.68,39
Julius Randle,MIN,79,21.1,6.73,5.04,1.09,0.23,2.75,15.28,7.34,6.28,5.04,22.26,40
Trey Murphy III,NOP,66,21.52,5.71,3.79,1.5,0.36,1.82,15.91,7.48,3.73,3.3,22.2,41
Pascal Siakam,IND,62,23.95,6.63,3.81,1.11,0.4,2.23,18.63,9.02,6.1,4.23,22.19,42
Cooper Flagg,DAL,70,21.04,6.66,4.51,1.2,0.91,2.3,17.06,7.99,4.89,4.04,22.1,43
Zach Edey,MEM,11,13.64,11.09,1.09,0.64,1.91,2.36,8.91,5.64,2.91,2.27,22.1,43
Keyonte George,UTA,54,23.61,3.69,6.15,1.07,0.26,3.07,16.31,7.44,7,6.24,22.08,45
Zion Williamson,NOP,62,21,5.69,3.21,0.97,0.55,2.03,13.02,7.81,7.5,5.37,22.05,46
Kevin Porter Jr.,MIL,38,17.39,5.21,7.37,2.18,0.5,2.89,13.53,6.29,4.11,3.61,22.02,47
Donovan Clingan,POR,77,12.13,11.58,2.1,0.57,1.69,1.23,8.88,4.62,2.64,1.79,21.73,48
Ivica Zubac,LAC,48,14.1,10.6,2.19,0.38,0.83,1.79,10.04,6,2.96,2.1,21.41,49
Jarrett Allen,CLE,56,15.36,8.5,1.79,0.98,0.84,1.34,9.43,6.02,4.66,3.3,21.36,50
Rudy Gobert,MIN,76,10.91,11.47,1.68,0.76,1.63,1.39,6.46,4.41,3.97,2.09,21.13,51
Brandon Ingram,TOR,77,21.49,5.58,3.69,0.75,0.71,2.43,16.73,7.97,4.62,3.79,20.2,52
LaMelo Ball,CHO,72,20.07,4.82,7.14,1.21,0.24,2.81,17.28,7.03,2.49,2.24,20.17,53
Tyler Herro,MIA,33,20.52,4.79,4.12,0.7,0.36,1.94,15.61,7.48,3.27,3,20.15,54
Nikola Vučević,CHI,64,15.08,8.39,3.33,0.61,0.64,1.33,12.48,6.16,1.45,1.2,20.15,54
Franz Wagner,ORL,34,20.56,5.21,3.32,0.94,0.32,1.71,14.91,7.18,5.82,4.79,19.88,56
Desmond Bane,ORL,82,20.09,4.12,4.12,1.05,0.45,2,14.7,7.11,4.22,3.83,19.85,57
Jusuf Nurkić,UTA,41,10.9,10.37,4.78,1.27,0.54,2.46,8.73,4.39,2.76,1.51,19.81,58
Dejounte Murray,NOP,14,16.71,5.36,6.36,1.64,0.21,3.36,13,6.29,3.21,2.79,19.79,59
Stephon Castle,SAS,68,16.66,5.32,7.38,1.15,0.28,3.19,12.01,5.66,5.65,4.15,19.75,60
Ty Jerome,MEM,15,19.67,2.8,5.67,1.07,0.27,1.8,14.33,6.8,3.73,3.27,19.69,61
Dyson Daniels,ATL,76,11.86,6.84,5.91,1.96,0.41,1.78,10.22,5.29,1.61,0.99,19.65,62
Onyeka Okongwu,ATL,74,15.18,7.59,3.12,1.11,1.07,1.72,11.62,5.58,2.73,2.07,19.65,62
Alex Sarr,WAS,48,16.31,7.4,2.71,0.81,1.98,1.71,13.67,6.58,3.04,2.1,19.47,64
De'Aaron Fox,SAS,72,18.56,3.75,6.18,1.24,0.26,2.28,14.54,7.07,3.42,2.6,19.42,65
Jalen Williams,OKC,33,17.06,4.61,5.48,1.18,0.27,1.91,13.52,6.55,3.91,3.27,19.08,66
Nickeil Alexander-Walker,ATL,78,20.82,3.44,3.67,1.31,0.54,2.08,15.32,7.03,3.94,3.55,19.02,67
Isaiah Hartenstein,OKC,47,9.19,9.43,3.53,1.02,0.77,1.74,6.3,3.91,2.23,1.36,18.94,68
Ryan Rollins,MIL,74,17.31,4.57,5.59,1.49,0.42,2.72,13.92,6.57,2.12,1.69,18.88,69
Trae Young,ATL,15,17.93,2,8,0.87,0.13,2.6,11.8,5.4,6.47,5.33,18.79,70
Kon Knueppel,CHO,81,18.49,5.33,3.38,0.7,0.23,1.99,13.38,6.36,2.79,2.41,18.74,71
Josh Hart,NYK,66,12,7.36,4.8,1.14,0.26,1.94,8.97,4.56,1.89,1.36,18.68,72
Jaren Jackson Jr.,MEM,48,19.4,5.67,1.96,1.1,1.44,2.23,14.98,7.13,4.23,3.4,18.66,73
Immanuel Quickley,TOR,70,16.43,4.03,5.93,1.31,0.07,1.46,12.93,5.73,2.96,2.43,18.58,74
RJ Barrett,TOR,57,19.26,5.26,3.32,0.74,0.33,1.74,14.32,7.04,4.89,3.51,18.51,75
Neemias Queta,BOS,76,10.21,8.37,1.66,0.79,1.32,0.99,6.57,4.29,2.3,1.62,18.4,76
Ja Morant,MEM,20,19.45,3.25,8.05,1,0.3,3.55,16.1,6.6,5.85,5.25,18.4,76
Paul George,PHI,37,17.32,5.3,3.59,1.68,0.43,1.73,13.86,6.08,3,2.46,18.27,78
DeMar DeRozan,SAC,77,18.43,2.94,4.1,1.04,0.3,1.25,13.05,6.48,5.6,4.86,18.25,79
Julian Reese,WAS,13,11.85,10.54,1.85,1.38,0.62,2.46,9.15,4.85,3.38,2.15,18.25,79
Deandre Ayton,LAL,72,12.46,7.99,0.82,0.57,0.97,1.15,8.35,5.6,1.96,1.26,18.21,81
Brandon Miller,CHO,65,20.17,4.91,3.34,1.02,0.68,2.51,16.06,6.98,3.43,3.06,18.16,82
Mark Williams,PHO,60,11.67,7.95,0.97,0.92,0.92,1.08,7.3,4.7,2.92,2.25,18.08,83
Payton Pritchard,BOS,79,17.03,3.95,5.16,0.73,0.13,1.38,13.81,6.41,1.72,1.53,18.03,84
Norman Powell,MIA,58,21.74,3.5,2.47,1.1,0.24,1.91,15.43,7.26,5.48,4.53,18.02,85
Andrew Nembhard,IND,57,16.95,2.81,7.67,0.89,0.14,2.4,13.21,5.84,4.11,3.39,17.97,86
Derrick White,BOS,77,16.45,4.4,5.38,1.14,1.27,1.74,14.39,5.68,2.65,2.39,17.93,87
Miles Bridges,CHO,77,17.06,5.84,3.19,0.6,0.44,1.39,13.53,6.22,3.29,2.7,17.84,88
Aaron Gordon,DEN,36,16.17,5.81,2.67,0.58,0.28,1.06,11.06,5.5,4.53,3.47,17.83,89
Nic Claxton,BRK,69,11.74,6.93,3.67,0.65,1.12,1.39,8.45,4.83,3.32,2.04,17.82,90
Saddiq Bey,NOP,72,17.65,5.56,2.53,0.94,0.1,0.94,13.43,6.06,4.1,3.44,17.81,91
VJ Edgecombe,PHI,75,15.99,5.64,4.2,1.43,0.52,1.83,13.73,6.01,2.41,1.97,17.79,92
OG Anunoby,NYK,67,16.69,5.24,2.16,1.55,0.72,1.84,12,5.81,3.3,2.73,17.76,93
Alondes Williams,WAS,4,11,6.25,3,0.75,0.75,1.25,6.5,4,2,1.75,17.75,94
Jrue Holiday,POR,53,16.32,4.62,6.08,1.02,0.11,2.75,13.38,6.04,1.98,1.66,17.74,95
Tre Jones,CHI,65,14.06,3.14,5.38,1.17,0.17,1.42,9.49,5.25,3.49,2.94,17.71,96
Darius Garland,CLE,45,18.78,2.38,6.69,0.96,0.18,2.89,14.93,6.87,2.71,2.33,17.66,97
Kel'el Ware,MIA,77,11.05,9.01,0.73,0.77,1.09,0.81,8.43,4.47,1.25,0.92,17.55,98
Kristaps Porziņģis,ATL,32,16.66,5.22,2.53,0.56,1.19,1.28,12.13,5.41,4.94,4.16,17.38,99
Jaime Jaquez Jr.,MIA,75,15.36,5,4.69,0.68,0.28,2.03,12.2,6.19,2.88,2.21,17.3,100
Santi Aldama,MEM,43,14,6.67,2.93,0.86,0.72,1.28,11.07,5.3,2.65,1.77,17.25,101
Jabari Smith Jr.,HOU,77,15.78,6.87,1.86,0.73,0.92,1.36,12.65,5.69,2.71,2.1,17.23,102
Jakob Poeltl,TOR,46,10.72,7.02,2.02,0.87,0.7,1.24,6.74,4.72,2.13,1.28,17.22,103
Russell Westbrook,SAC,64,15.17,5.44,6.66,1.3,0.19,3.27,13.11,5.59,2.86,1.98,17.09,104
Matas Buzelis,CHI,77,16.26,5.82,2.05,0.71,1.51,2.06,12.51,5.79,3.09,2.43,16.91,105
Mikal Bridges,NYK,82,14.4,3.8,3.71,1.3,0.76,1.01,11.74,5.76,1.2,0.99,16.77,106
Maxime Raynaud,SAC,74,12.46,7.51,1.35,0.51,0.53,1.27,9.07,5.18,2.27,1.78,16.71,107
Andrew Wiggins,MIA,68,15.37,4.84,2.68,1.12,1.01,1.51,12.07,5.74,2.38,1.87,16.67,108
Wendell Carter Jr.,ORL,78,11.82,7.4,1.97,0.77,0.63,1.28,8.17,4.18,3.21,2.54,16.65,109
Moussa Diabaté,CHO,73,7.88,8.7,1.93,0.77,0.99,1,4.97,3.14,2.41,1.59,16.62,110
Derik Queen,NOP,81,11.7,7.06,3.68,1.04,0.91,2.35,9.23,4.37,3.37,2.68,16.49,111
CJ McCollum,ATL,76,18.74,3.32,3.86,0.84,0.46,1.78,15.18,6.91,3.12,2.41,16.46,112
Naji Marshall,DAL,74,15.24,4.7,3.26,1.11,0.08,1.61,11.09,5.66,4.05,3.08,16.38,113
Jaden McDaniels,MIN,73,14.85,4.25,2.73,1.11,1,1.79,11.08,5.71,2.41,2.01,16.38,113
Kyshawn George,WAS,48,14.79,5.1,4.46,1,0.9,2.6,12.02,5.27,2.73,2.19,16.36,115
Bennedict Mathurin,IND,54,17.57,5.43,2.39,0.8,0.24,2.19,12.54,5.39,6.22,5.41,16.28,116
Jalen Suggs,ORL,57,13.79,3.86,5.47,1.84,0.7,2.67,11.39,4.95,2.05,1.75,16.25,117
Ayo Dosunmu,CHI,69,14.81,3.43,3.61,0.84,0.26,1.39,10.83,5.59,2.1,1.84,16.06,118
Shaedon Sharpe,POR,50,20.84,4.34,2.64,1.4,0.12,2.94,17.36,7.84,3.94,3.1,16.04,119
Kyle Filipowski,UTA,77,11.42,7.17,2.57,0.95,0.51,1.62,8.53,4.19,2.75,2.06,15.97,120
Brandin Podziemski,GSW,82,13.82,5.11,3.71,1.07,0.18,1.6,10.56,4.8,2.94,2.34,15.93,121
Kennedy Chandler,UTA,11,15,3.36,6.73,1,0.18,2.09,12.45,5.55,3.91,2.55,15.92,122
P.J. Washington,DAL,56,14.16,7.04,1.75,0.98,1.07,1.68,11.75,5.29,3.25,2.23,15.84,123
Naz Reid,MIN,77,13.58,6.19,2.21,0.99,1.01,1.64,11.31,5.16,1.6,1.17,15.76,124
Cedric Coward,MEM,62,13.6,5.87,2.76,0.65,0.44,1.69,10.45,4.92,2.68,2.26,15.68,125
Zach LaVine,SAC,39,19.18,2.77,2.28,0.72,0.26,1.9,14.03,6.72,3.64,3.21,15.57,126
Peyton Watson,DEN,54,14.61,4.89,2.06,0.93,1.13,1.72,10.76,5.28,3.5,2.56,15.48,127
Jerami Grant,POR,57,18.6,3.47,2.14,0.74,0.63,2.09,12.81,5.81,5.65,4.6,15.44,128
Bobby Portis,MIL,67,13.66,6.39,1.57,0.61,0.18,0.99,11.19,5.46,1.01,0.72,15.4,129
Daniel Gafford,DAL,55,9.53,6.87,1.05,0.76,1.25,1.15,5.75,3.76,2.93,2,15.39,130
Tobias Harris,DET,63,13.27,5.13,2.49,0.92,0.41,1,10.46,4.9,2.49,2.16,15.33,131
John Collins,LAC,69,13.55,5.32,1.01,0.87,0.74,1.38,9.55,5.28,2.23,1.71,15.32,132
Ausar Thompson,DET,73,9.88,5.73,3.12,2,0.95,1.51,7.9,4.15,2.62,1.49,15.29,133
Grayson Allen,PHO,51,16.49,3.04,3.82,1.35,0.25,1.63,13.08,5.27,3.29,2.82,15.04,134
Coby White,CHI,50,17.36,3.4,4,0.5,0.1,2.56,12.46,5.56,4.82,3.94,15.02,135
Collin Gillespie,PHO,80,12.65,4.09,4.64,1.24,0.2,1.56,10.53,4.4,1.09,0.95,14.99,136
Ajay Mitchell,OKC,57,13.58,3.33,3.61,1.25,0.32,1.42,10.35,5.02,2.84,2.47,14.97,137
Isaiah Collier,UTA,59,11.66,2.54,7.17,1.12,0.34,2.51,8.73,4.32,3.54,2.56,14.93,138
Anthony Black,ORL,64,14.98,3.81,3.69,1.42,0.7,2.06,12.06,5.39,3.61,2.64,14.9,139
Dillon Brooks,PHO,56,20.2,3.63,1.77,1.02,0.16,1.75,17.13,7.45,3.61,3.04,14.78,140
Keegan Murray,SAC,23,13.96,5.74,1.65,1.04,1.57,1.17,13.04,5.48,2.13,1.65,14.75,141
Mitchell Robinson,NYK,60,5.67,8.75,0.87,0.93,1.17,0.68,3.43,2.48,1.72,0.7,14.74,142
Jaylon Tyson,CLE,66,13.21,5.12,2.23,0.82,0.42,1.5,10.15,5,1.62,1.2,14.73,143
Kelly Oubre Jr.,PHI,50,14.1,5.04,1.6,1.36,0.48,1.38,10.88,5.08,2.9,2.22,14.72,144
Marvin Bagley III,WAS,60,10.45,6.1,1.42,0.47,0.72,1.02,6.85,4.23,2.4,1.58,14.7,145
Christian Braun,DEN,44,11.95,4.8,2.73,0.68,0.27,0.98,8.84,4.59,2.3,1.8,14.7,145
Kadary Richmond,WAS,3,8.33,3.33,2.67,2.67,0.33,0.67,5.33,3.33,1,1,14.66,147
Cam Spencer,MEM,72,11.08,2.54,5.56,0.72,0.15,1.29,7.72,3.65,1.86,1.75,14.58,148
Keldon Johnson,SAS,82,13.18,5.37,1.35,0.56,0.13,0.85,9.72,5.05,2.37,1.88,14.58,148
Day'Ron Sharpe,BRK,62,8.71,6.66,2.34,1.08,0.42,1.71,5.74,3.45,2.45,1.66,14.42,150
Robert Williams,POR,59,6.73,7.03,1.02,0.59,1.47,0.83,4.24,3,0.97,0.58,14.38,151
Toumani Camara,POR,82,13.41,5.13,2.45,1.15,0.43,1.76,10.87,4.78,1.67,1.18,14.23,152
Sandro Mamukelashvili,TOR,80,11.16,4.94,1.89,0.8,0.51,0.84,7.89,4.13,1.98,1.48,14.2,153
Precious Achiuwa,SAC,73,10.08,6.74,1.38,0.89,0.68,0.89,8.19,4.33,1.9,1.05,14.17,154
Myles Turner,MIL,71,11.92,5.32,1.45,0.7,1.62,1.17,9.1,4,2.49,1.85,14.1,155
Collin Sexton,CHO,68,15.44,2.28,3.28,1.12,0.15,2.07,10.91,5.29,3.75,3.21,14.04,156
Devin Vassell,SAS,67,13.91,4.01,2.49,0.85,0.37,0.9,11.27,4.93,1.94,1.58,14.03,157
Jalen Smith,CHI,53,10.21,6.7,1.23,0.45,0.79,1,7.62,3.68,1.75,1.3,13.99,158
Donte DiVincenzo,MIN,82,12.2,4.1,3.82,1.27,0.41,1.44,10.18,4.13,1.28,0.95,13.98,159
Davion Mitchell,MIA,70,9.34,2.66,6.47,0.97,0.16,1.54,7.61,3.73,0.93,0.6,13.85,160
Julian Champagnie,SAS,82,11.11,5.77,1.55,0.76,0.46,0.84,8.4,3.67,1.65,1.39,13.82,161
Cameron Johnson,DEN,54,12.22,3.81,2.44,0.74,0.39,0.87,8.8,4.22,2.07,1.74,13.82,161
Luke Kornet,SAS,68,6.53,6.09,1.85,0.47,0.96,0.41,4,2.57,1.68,1.38,13.76,163
Kyle Kuzma,MIL,69,12.99,4.54,2.67,0.67,0.41,1.72,9.99,4.91,2.7,1.96,13.74,164
Draymond Green,GSW,68,8.38,5.51,5.53,0.9,0.62,2.66,7.22,3.01,1.24,0.87,13.7,165
Quentin Grimes,PHI,75,13.41,3.64,3.25,0.85,0.37,1.77,10.07,4.53,3.16,2.65,13.7,165
Reed Sheppard,HOU,82,13.54,2.9,3.38,1.49,0.66,1.5,11.54,4.96,1.05,0.84,13.68,167
Josh Oduro,NOP,3,8.33,7.67,1.33,0,0,0.67,5.67,3.67,2,1,13.66,168
Cormac Ryan,MIL,11,14.27,2.55,1.73,1,0.27,1.55,9.27,4.82,2.36,2.18,13.64,169
Dylan Harper,SAS,69,11.78,3.39,3.86,0.78,0.35,1.43,9.51,4.8,1.72,1.3,13.6,170
Jock Landale,MEM,68,10.56,5.69,1.69,0.51,0.53,0.88,8.06,4.15,1.85,1.18,13.52,171
Lawson Lovering,MEM,2,7,7.5,1.5,1.5,0.5,1,5,3,2.5,1,13.5,172
Dylan Cardwell,SAC,44,5.41,7.55,1.41,0.68,1.52,0.89,4.07,2.39,1.16,0.59,13.43,173
Obi Toppin,IND,24,11.63,4.42,2.29,0.5,0.04,1.17,8.29,4.17,1.92,1.75,13.42,174
Jalen Green,PHO,32,17.75,3.63,2.84,1.06,0.25,2.25,16,6.75,2.72,2.03,13.34,175
Ryan Kalkbrenner,CHO,69,7.55,5.46,0.78,0.46,1.46,0.9,4.22,3.17,1.68,1.2,13.28,176
Bez Mbeng,UTA,15,8.13,3.8,4.13,2.27,0.33,1.47,6.67,3.33,1.67,1.07,13.25,177
Brandon Williams,DAL,66,13.02,2.89,3.88,0.94,0.3,1.89,9.35,4.41,4.61,3.65,13.24,178
Isaiah Stewart,DET,58,10.02,5,1.14,0.28,1.6,1.16,6.93,3.81,2.26,1.71,13.21,179
Andre Drummond,PHI,63,6.4,8.44,1.27,0.6,0.78,0.97,5.35,2.52,1.33,0.84,13.2,180
Bilal Coulibaly,WAS,56,11.73,4.34,2.59,1.34,0.96,1.45,9.66,4.11,3.16,2.36,13.16,181
Jonathan Kuminga,GSW,36,12.17,5.61,2.31,0.61,0.31,1.86,9.42,4.36,3.42,2.47,13.14,182
Jeremiah Fears,NOP,82,14.26,3.66,3.4,1.18,0.37,2.17,12.27,5.33,3,2.37,13.13,183
Zach Collins,CHI,10,9.7,5.6,1.5,0.2,0.4,1,6.4,3.7,2,1.4,13.1,184
Pelle Larsson,MIA,70,11.43,3.49,3.37,0.7,0.23,1.44,7.99,3.96,3.3,2.63,13.08,185
Max Strus,CLE,12,11.17,5.42,2,0.25,0,0.75,8.83,3.92,0.75,0.58,13.01,186
Andersson Garcia,UTA,5,5.2,8.4,2.8,1.6,0.8,1.4,5.8,1.8,1.8,1.4,13,187
Steven Adams,HOU,32,5.84,8.63,1.5,0.69,0.63,1.09,4.34,2.19,2.53,1.47,12.99,188
Collin Murray-Boyles,TOR,57,8.49,5,1.86,0.91,0.93,1.04,6,3.47,1.89,1.25,12.98,189
T.J. McConnell,IND,56,9.38,2.21,5.13,1,0.18,1.14,8.04,4.32,0.52,0.45,12.97,190
Oscar Tshiebwe,UTA,27,7.81,6.63,1.19,0.59,0.19,0.78,5.37,3.41,1.81,1,12.86,191
Tari Eason,HOU,60,10.45,6.27,1.5,1.2,0.47,1.35,9.67,4.02,1.12,0.87,12.64,192
Royce O'Neale,PHO,78,9.81,4.77,2.67,1.08,0.41,1.32,8.01,3.37,0.49,0.35,12.64,192
Ace Bailey,UTA,72,13.79,4.19,1.82,0.83,0.68,1.49,12.39,5.49,1.22,0.92,12.62,194
Justin Champagnie,WAS,69,8.65,5.57,1.22,0.86,0.62,0.65,6.7,3.36,1.48,1.16,12.61,195
GG Jackson II,MEM,55,12.47,4.27,1.47,0.56,0.8,1.55,9.35,4.64,2.75,2.04,12.6,196
Micah Potter,IND,47,9.74,4.96,1.47,0.47,0.32,1,6.23,3.21,2.15,1.81,12.6,196
Aaron Nesmith,IND,45,13.8,4.16,1.91,0.58,0.51,1.4,11.38,4.71,2.47,2.04,12.46,198
Brice Sensabaugh,UTA,75,14.88,3.08,1.91,0.72,0.16,1.65,11.43,5.25,2.68,2.21,12.45,199
Sam Merrill,CLE,52,12.75,2.56,2.4,0.63,0.13,0.81,9.31,4.29,1.33,1.13,12.44,200
Jarace Walker,IND,76,11.63,5.14,2.53,0.83,0.34,1.83,9.64,4.04,2.41,1.8,12.43,201
Al Horford,GSW,45,8.27,4.87,2.58,0.67,1.13,0.93,7.2,3.07,0.58,0.49,12.37,202
Jay Huff,IND,82,9.55,3.95,1.48,0.5,1.87,0.93,7.45,3.55,1.21,1,12.31,203
Chaney Johnson,BRK,17,8.18,4.65,2.12,0.88,0.53,1.18,5.53,3,2.06,1.65,12.24,204
Scoot Henderson,POR,30,14.23,2.67,3.73,0.9,0.3,2.43,11.4,4.77,3.33,2.8,12.24,204
Scotty Pippen Jr.,MEM,10,11.4,2.2,4.7,1.9,0.4,2.7,9.6,4.3,2.3,1.8,12.1,206
Jalen Slawson,IND,13,7.31,4.38,2.77,1.54,1.08,1.31,5.92,2.62,1.31,0.92,12.08,207
Javon Small,MEM,41,9.66,3.12,3.68,0.83,0.22,1.37,7.02,3.27,2,1.66,12.05,208
Moses Moody,GSW,60,12.13,3.33,1.63,0.97,0.57,0.95,9.28,4.08,1.88,1.45,12.05,208
De'Andre Hunter,CLE,45,13.67,4.11,2,0.67,0.13,1.67,11.13,4.62,3.18,2.76,11.98,210
Oso Ighodaro,PHO,82,6.48,5.1,2.26,0.89,0.7,1.23,4.46,2.91,1.43,0.65,11.87,211
Paul Reed,DET,65,7.75,4.52,1.23,0.88,0.92,0.89,5.22,3.22,1.69,1.12,11.84,212
Jaylin Williams,OKC,65,7.22,5.51,2.43,0.48,0.65,1.03,5.42,2.29,1.42,1.12,11.83,213
Anfernee Simons,BOS,55,14.27,2.45,2.44,0.49,0.15,1.24,11.78,5.18,1.4,1.25,11.81,214
Duncan Robinson,DET,77,12.19,2.66,2.06,0.57,0.29,0.7,9.06,4.13,1.43,1.08,11.79,215
Derrick Jones Jr.,LAC,50,10.08,3.46,1.38,0.9,1,0.8,7.58,3.78,1.86,1.42,11.78,216
Max Christie,DAL,77,12.27,3.23,1.96,0.61,0.35,1.25,9.42,4.16,1.81,1.62,11.72,217
Dennis Schröder,SAC,70,10.8,2.71,4.87,0.79,0.16,1.77,8.99,3.64,2.93,2.44,11.72,217
Tim Hardaway Jr.,DEN,80,13.49,2.58,1.35,0.53,0.13,0.54,9.74,4.35,2.45,1.99,11.69,219
Malachi Smith,BRK,15,8.27,3.4,3.27,0.8,0.27,0.93,6.6,3.2,0.53,0.53,11.68,220
Jonas Valančiūnas,DEN,65,8.72,5.06,1.2,0.22,0.57,1.12,6,3.49,2.09,1.62,11.67,221
Bub Carrington,WAS,82,10.71,3.37,4.65,0.63,0.21,2.33,9.04,3.83,1.35,0.99,11.67,221
Jordan Goodwin,PHO,70,8.7,4.87,2.16,1.51,0.2,0.97,7.93,3.27,0.8,0.56,11.57,223
Lucas Williamson,MEM,7,10.43,5.43,2.57,1.57,0.14,1.43,10.71,3.57,1.14,1.14,11.57,223
Jaxson Hayes,LAL,66,7.53,4.11,0.89,0.44,0.79,0.47,3.97,3,2.27,1.48,11.53,225
Noah Clowney,BRK,66,12.26,4.14,1.64,0.76,0.68,1.55,9.56,3.79,3.39,2.73,11.5,226
Kevin Huerter,CHI,69,10.04,3.48,2.58,0.91,0.48,1.04,8.64,3.9,1.03,0.8,11.48,227
Goga Bitadze,ORL,64,5.86,5,1.31,0.58,0.95,0.67,3.52,2.38,1.52,1.08,11.45,228
Dominick Barlow,PHI,71,7.68,4.79,1.23,0.89,0.75,0.79,5.62,3.03,1.85,1.32,11.43,229
Jordan Miller,LAC,60,9.97,3.03,2.27,0.75,0.18,1.05,6.65,3.53,2.92,2.27,11.38,230
De'Anthony Melton,GSW,49,12.29,3.22,2.55,1.57,0.41,1.86,10.78,4.39,2.47,2.04,11.36,231
Miles McBride,NYK,41,11.98,2.44,2.59,0.85,0.22,0.8,9.85,4.17,1.15,0.9,11.35,232
Kris Dunn,LAC,82,7.27,3.3,3.6,1.6,0.17,1.35,5.82,2.77,0.99,0.76,11.31,233
Gui Santos,GSW,68,9.19,3.91,2.34,0.9,0.32,1.5,6.76,3.38,1.76,1.28,11.3,234
Rui Hachimura,LAL,68,11.47,3.32,0.84,0.57,0.31,0.62,8.78,4.51,1.06,0.74,11.3,234
Blake Hinson,UTA,14,11.93,2.36,1.14,0.36,0.14,0.36,8.21,4.21,1.14,0.86,11.29,236
Adama-Alpha Bal,MEM,8,10.38,3.13,2.38,1.13,0.13,0.75,8.5,3.5,1.25,1.13,11.28,237
Isaiah Jackson,IND,55,6.73,5.27,0.95,0.65,0.89,1.05,4.31,2.75,1.91,1.24,11.21,238
Dariq Whitehead,MEM,6,16.33,4,1.5,0.67,0,1.67,15.5,6.17,1.17,0.83,11.16,239
Cason Wallace,OKC,77,8.57,3.09,2.6,1.95,0.36,0.95,7.58,3.27,0.88,0.71,11.14,240
Yves Missi,NOP,66,5.71,5.83,1.27,0.3,1.53,0.82,4.45,2.42,1.55,0.86,11.1,241
Olivier-Maxence Prosper,MEM,53,10,3.53,0.96,0.75,0.25,0.89,6.6,3.62,2.15,1.62,11.09,242
Mouhamadou Gueye,CHI,2,8,3,3,1,0.5,1.5,5.5,3,2,1.5,11,243
Jaylen Wells,MEM,69,12.54,3.19,1.61,0.88,0.13,1.07,10.12,4.36,2.48,1.94,10.98,244
Tristan Da Silva,ORL,77,9.9,3.69,1.61,0.88,0.32,0.9,8.05,3.62,1.23,1.09,10.93,245
Malik Monk,SAC,62,12.45,1.89,2.98,0.6,0.39,1.47,10.19,4.47,1.73,1.52,10.91,246
Egor Dёmin,BRK,52,10.31,3.17,3.33,0.81,0.33,1.65,8.63,3.44,1.25,1.04,10.9,247
Dereck Lively II,DAL,7,4.29,5.29,1.86,0.57,1.57,1.43,2.57,1.57,1.43,1.14,10.86,248
Danny Wolf,BRK,57,8.91,4.93,2.23,0.53,0.56,1.28,7.72,3.12,1.91,1.47,10.84,249
Tre Scott,BRK,6,8,5.17,1.67,1.33,0.83,0.67,8.33,3.17,1,0.67,10.84,249
Isaiah Joe,OKC,71,11.06,2.55,1.32,0.7,0.15,0.63,7.65,3.48,1.73,1.55,10.8,251
Jake LaRavia,LAL,82,8.22,3.98,1.77,1.27,0.46,1.06,6.38,2.93,1.85,1.41,10.75,252
Kevin Love,UTA,37,6.7,5.81,1.81,0.38,0.24,0.81,5.38,2.14,1.19,1,10.7,253
Kyle Anderson,UTA,43,6.19,3.49,2.93,1.05,0.6,0.91,4.7,2.49,1.58,1.12,10.68,254
DeAndre Jordan,NOP,12,4.42,6.33,0.92,0.33,0.83,0.75,2.67,1.75,1.42,0.92,10.66,255
Luka Garza,BOS,69,8.07,4.07,0.96,0.39,0.41,0.67,5.17,2.99,1.7,1.3,10.65,256
Gary Payton II,GSW,73,7.49,3.63,1.68,0.92,0.29,0.85,5.68,3.32,0.55,0.36,10.61,257
Jericho Sims,MIL,67,4.99,5.52,1.55,0.28,0.25,1.12,2.76,2.16,1.06,0.66,10.47,258
Khris Middleton,WAS,63,10.16,3.67,2.79,0.65,0.14,1.71,8.57,3.6,2.16,1.89,10.46,259
David Roddy,DEN,5,8,4,0.8,0.8,0.2,0.4,6,3,1.4,1.4,10.4,260
Bruce Brown,DEN,82,7.91,3.88,2.12,1.04,0.24,1.11,6.37,3.02,1.54,1.17,10.36,261
Marcus Smart,LAL,62,9.34,2.77,2.98,1.4,0.37,1.48,7.68,3.03,2.08,1.71,10.36,261
DaQuan Jeffries,SAC,3,10.33,1.67,0.33,0.67,0,0,6.33,3.67,1.67,1.67,10.34,263
Sam Hauser,BOS,78,9.22,3.85,1.46,0.49,0.29,0.45,7.71,3.23,0.26,0.22,10.34,263
Harrison Barnes,SAS,77,9.94,2.77,1.92,0.65,0.16,0.79,7.47,3.4,1.6,1.32,10.3,265
Herbert Jones,NOP,56,8.86,3.39,2.77,1.57,0.48,1.3,8.54,3.27,1.11,0.89,10.28,266
John Konchar,MEM,56,4.43,4.29,2.11,1.48,0.68,0.63,3.55,1.68,0.79,0.57,10.27,267
Zaccharie Risacher,ATL,67,9.57,3.84,1.13,0.88,0.54,0.87,8,3.64,1.34,0.87,10.26,268
Luke Kennard,ATL,78,8.36,2.33,2.23,0.71,0.1,0.77,5.68,3.03,0.88,0.81,10.24,269
DeJon Jarreau,MEM,11,8,4.64,3.27,0.91,0.73,2.36,7.55,3,2.09,1.64,10.19,270
Tyler Burton,MEM,12,10.75,4.17,1,0.92,0.33,0.92,9.33,3.5,2.25,1.92,10.09,271
Leaky Black,WAS,15,7.07,5,1.47,1.2,0.53,0.93,6.87,2.67,0.53,0.47,10.08,272
Jordan Poole,NOP,39,13.44,1.97,3.05,0.56,0.38,1.77,11.38,4.23,2.92,2.51,10.07,273
A.J. Green,MIL,78,10.37,2.73,1.95,0.5,0.1,0.96,7.92,3.36,0.79,0.68,10.02,274
Tristen Newton,HOU,1,12,3,0,1,0,0,9,4,3,2,10,275
Daeqwon Plowden,SAC,32,10.75,3.03,1.28,0.72,0.22,0.81,8.72,3.75,1.53,1.31,10,275
Brook Lopez,LAC,75,8.45,3.64,1.29,0.6,1.16,0.81,7.23,3.09,0.99,0.75,9.95,277
Tre Johnson,WAS,60,12.22,2.83,2.03,0.55,0.3,1.55,10.78,4.52,1.45,1.27,9.94,278
Daniss Jenkins,DET,72,9.32,2.31,3.86,0.89,0.21,1.6,7.89,3.22,2.24,1.86,9.94,278
Vince Williams Jr.,MEM,40,7.5,3.88,4.15,0.72,0.4,1.75,7.3,2.58,1.25,0.97,9.9,280
Quenton Jackson,IND,49,9.14,2.33,2.86,0.63,0.12,1.27,6.69,3.14,2.43,2,9.83,281
Charles Bassey,GSW,13,5.85,4.38,0.54,0.31,0.85,0.46,3.62,2.38,1.54,1.08,9.77,282
Isaac Okoro,CHI,63,9.27,2.75,1.59,0.73,0.46,0.73,7.29,3.35,1.78,1.41,9.76,283
Terance Mann,BRK,63,7.22,3.17,3.02,0.65,0.24,1.13,5.84,2.67,1.27,1,9.73,284
Leonard Miller,CHI,46,7.85,3.93,0.87,0.37,0.33,0.78,5.7,3.15,1.15,0.85,9.72,285
Taurean Prince,MIL,26,9.19,3.12,1.77,0.62,0.23,1.19,7.35,3.31,0.23,0.23,9.7,286
Svi Mykhailiuk,UTA,50,9.38,2.48,1.86,0.52,0.06,0.84,7.24,3.46,0.56,0.5,9.62,287
Jamir Watkins,WAS,50,7.36,3.88,1.34,1.08,0.5,0.8,5.92,2.64,1.64,1.14,9.58,288
Ziaire Williams,BRK,56,10.23,2.39,1.07,1.36,0.38,1.05,7.73,3.29,2.5,2.13,9.57,289
Will Riley,WAS,74,10.32,2.86,1.97,0.73,0.12,1.27,8.35,3.66,2.43,1.95,9.56,290
Dean Wade,CLE,59,5.8,4.19,1.49,0.75,0.39,0.27,4.71,2.07,0.64,0.46,9.53,291
Nique Clifford,SAC,75,8.6,3.76,2.39,0.91,0.32,1.55,7.95,3.32,1.29,0.93,9.44,292
Ron Holland,DET,78,8.21,4.04,1.22,1.18,0.35,1.23,6.97,3.01,1.91,1.54,9.44,292
Grant Williams,CHO,36,7,3.94,1.56,0.47,0.5,0.86,5.08,2.17,1.5,1.22,9.42,294
Devin Carter,SAC,38,8.92,3.29,2.66,0.89,0.24,1.42,7.68,3.18,2.47,1.76,9.37,295
Jamal Shead,TOR,82,6.65,1.74,5.41,0.93,0.18,1.37,6.15,2.26,1.41,1.11,9.35,296
Quinten Post,GSW,67,7.66,4.01,1.4,0.39,0.52,0.84,6.55,2.88,0.64,0.51,9.34,297
Josh Minott,BOS,49,7.43,3.22,0.94,0.9,0.49,0.88,5.14,2.57,1.24,0.98,9.27,298
Cody Williams,UTA,67,8.78,2.96,2.04,0.76,0.39,1.09,7.6,3.55,1.78,1.25,9.26,299
Jose Alvarado,NOP,69,7.39,2.48,3.39,0.96,0.12,1.12,6.51,2.71,0.67,0.51,9.26,299
Craig Porter Jr.,CLE,64,4.52,3.44,3.2,0.89,0.59,0.92,4.03,1.81,0.63,0.38,9.25,301
Aaron Wiggins,OKC,65,9.4,3.06,1.68,0.92,0.43,1.25,8.25,3.55,1.11,0.82,9.25,301
Ryan Nembhard,DAL,60,6.62,2.22,5.27,0.42,0.03,1.42,6.5,2.7,0.52,0.42,9.24,303
Karlo Matković,NOP,62,5.68,3.69,0.81,0.4,0.87,0.55,3.79,2.29,0.66,0.48,9.22,304
D'Angelo Russell,DAL,26,10.15,2.35,4,0.46,0.08,1.88,8.92,3.62,2.31,1.65,9.2,305
Tristan Vukcevic,WAS,49,9,3,1.12,0.47,0.67,1.27,6.47,3.1,2.27,1.78,9.13,306
Sharife Cooper,WAS,41,8.12,2.1,3.02,0.39,0.12,1.49,6.02,3.1,1.46,1.22,9.1,307
Cam Thomas,BRK,42,13.5,1.69,2.57,0.21,0.1,1.76,10.98,4.5,4.02,3.26,9.07,308
Trendon Watford,PHI,53,6.53,3.3,2.49,0.3,0.42,1.21,5.06,2.6,1.45,1.13,9.05,309
Kentavious Caldwell-Pope,MEM,51,8.39,2.45,2.73,0.84,0.16,1.2,7.18,2.94,1.57,1.43,8.99,310
Bones Hyland,MIN,71,8.51,1.79,2.65,0.62,0.24,0.99,6.59,2.99,1.15,0.9,8.97,311
Taylor Hendricks,UTA,59,7.42,3.75,0.93,0.85,0.51,0.85,6.02,2.76,1.22,0.83,8.96,312
Moussa Cisse,DAL,38,4.47,5.68,0.24,0.5,1.18,0.79,3.03,1.74,2.13,1,8.86,313
Ryan Dunn,PHO,70,5.81,4.24,1.46,0.86,0.41,0.8,5.17,2.34,0.67,0.33,8.81,314
Walter Clayton,UTA,69,7.8,2.01,4.04,0.64,0.28,1.68,6.68,2.57,1.75,1.58,8.81,314
Lonzo Ball,CLE,35,4.57,4,3.89,1.29,0.26,1.49,5.03,1.51,0.6,0.4,8.8,316
Vít Krejčí,ATL,65,8.46,2.28,1.54,0.72,0.28,0.63,6.6,2.95,0.78,0.58,8.8,316
Luguentz Dort,OKC,69,8.35,3.55,1.23,0.9,0.39,0.78,7.59,2.93,0.84,0.64,8.78,318
Simone Fontecchio,MIA,70,8.53,3.01,1.44,0.53,0.13,0.7,6.73,2.77,1.46,1.23,8.75,319
Corey Kispert,ATL,58,9.17,2.28,1.59,0.28,0.16,0.78,6.79,3.17,1.67,1.33,8.74,320
Kevon Looney,NOP,21,2.81,5.62,1.62,0.43,0.48,0.43,2.86,1.19,0.48,0.33,8.71,321
Adem Bona,PHI,71,4.85,4.32,0.45,0.42,1.15,0.79,3.1,1.85,1.59,1.13,8.69,322
Jordan Walsh,BOS,68,5.35,4,0.79,0.72,0.46,0.51,3.93,2,0.84,0.65,8.69,322
Bryce McGowens,NOP,42,8.1,2.1,1.48,0.64,0.19,0.4,5.64,2.71,2.26,1.76,8.68,324
Pat Spencer,GSW,66,7.21,2.39,3.52,0.73,0.08,1.29,6.61,2.82,0.86,0.67,8.66,325
Jaden Ivey,DET,37,8.54,2.46,1.84,0.62,0.38,1.11,6.92,3.08,1.27,1.03,8.65,326
Dru Smith,MIA,70,5.64,2.47,2.57,1.43,0.3,0.79,4.64,1.93,1.5,1.24,8.65,326
Cameron Payne,PHI,22,7.41,2,2.64,1.09,0.32,0.5,6.77,2.55,1,0.86,8.6,328
Ja'Kobe Walter,TOR,72,7.51,2.57,1.19,1.01,0.19,0.51,5.61,2.5,1.25,0.99,8.59,329
Anthony Gill,WAS,55,5.84,2.87,1.25,0.56,0.38,0.65,3.91,2.45,0.84,0.62,8.57,330
Klay Thompson,DAL,69,11.74,2.07,1.39,0.48,0.32,0.91,10.55,4.14,0.68,0.52,8.52,331
John Poulakidas,DAL,13,8.85,2.31,0.85,0.54,0.31,0.31,7,3,0.54,0.46,8.47,332
Kasparas Jakučionis,MIA,53,6.19,2.6,2.58,0.62,0.13,0.94,4.49,1.92,1.25,1.09,8.45,333
Alex Caruso,OKC,56,6.21,2.77,1.96,1.29,0.3,0.86,5.36,2.27,0.91,0.73,8.4,334
Kris Murray,POR,57,5.81,3.61,1.42,0.89,0.39,0.82,4.84,2.26,1,0.68,8.4,334
Javonte Green,DET,82,6.94,2.8,0.68,1.24,0.3,0.55,5.05,2.26,1.52,1.28,8.38,336
Ben Sheppard,IND,65,7.06,3,1.75,0.6,0.09,0.63,5.95,2.58,0.78,0.6,8.32,337
Landry Shamet,NYK,51,9.31,1.8,1.41,0.61,0.18,0.59,7.14,3.12,1.49,1.06,8.27,338
Ousmane Dieng,MIL,57,7.56,3.16,2.39,0.44,0.3,1.32,6.98,2.95,0.79,0.56,8.27,338
Caleb Love,POR,49,10.39,2.33,2.51,0.55,0.08,1.27,10,3.88,1,0.73,8.2,340
Jarred Vanderbilt,LAL,65,4.43,4.49,1.29,0.85,0.29,0.86,3.69,1.74,0.86,0.51,8.19,341
Baylor Scheierman,BOS,77,5.55,3.49,1.51,0.55,0.08,0.6,4.32,1.96,0.4,0.36,8.18,342
Tidjane Salaün,CHO,37,6,4.03,0.73,0.43,0.19,0.7,4.3,2.16,1.08,0.7,8.16,343
Cam Whitmore,WAS,21,9.19,2.76,0.71,0.71,0.38,0.86,8.05,3.67,1.48,1.1,8.13,344
Spencer Jones,DEN,64,5.5,3.27,0.8,0.81,0.45,0.48,4.09,2.06,0.8,0.48,8,345
Nick Richards,PHO,48,5.75,5.06,0.33,0.21,0.67,1.23,4.19,2.15,2.1,1.35,8,345
Will Richard,GSW,69,6.39,2.49,1.35,1.16,0.13,0.77,5.01,2.35,0.78,0.67,7.98,347
Thomas Bryant,CLE,60,6.17,3.42,0.55,0.3,0.43,0.47,4.45,2.25,1.1,0.88,7.98,347
Kenrich Williams,OKC,56,6.48,3.34,1.41,0.55,0.09,0.77,5.29,2.5,0.93,0.59,7.97,349
Clint Capela,HOU,75,3.76,4.6,0.67,0.48,0.84,0.55,3.03,1.57,1.04,0.6,7.9,350
Sion James,CHO,82,5.38,3.5,1.99,0.63,0.24,0.79,4.54,1.68,1.2,1,7.89,351
Caris LeVert,DET,60,7.38,1.95,2.65,0.85,0.68,1.37,6.52,2.72,1.4,0.95,7.89,351
Johnny Furphy,IND,35,5.14,4.37,1.17,0.57,0.2,0.83,4.26,2,1,0.49,7.85,353
Nolan Traoré,BRK,56,8.91,1.77,3.8,0.8,0.41,2.3,8.55,3.25,1.68,1.32,7.73,354
Skal Labissière,WAS,3,4.33,3,1,0.67,0.33,0.33,3.33,2,0,0,7.67,355
Kobe Sanders,LAC,68,7.28,2.25,1.6,0.72,0.15,1.19,5.65,2.63,1.01,0.84,7.62,356
Matisse Thybulle,POR,30,5.8,1.97,0.9,2,0.53,0.93,4.47,1.93,0.83,0.7,7.6,357
Dwight Powell,DAL,63,3.33,4.08,1.08,0.54,0.33,0.65,1.6,1.03,1.78,1.24,7.6,357
Cole Anthony,MIL,35,6.69,2.49,3.46,0.57,0.31,1.86,6.6,2.8,0.74,0.46,7.58,359
Buddy Hield,GSW,51,7.65,2.27,1.39,0.76,0.18,0.94,6.41,2.8,0.73,0.59,7.56,360
Keon Ellis,SAC,72,6.67,1.88,1,1.15,0.64,0.57,5.33,2.35,0.97,0.71,7.53,361
Nae'Qwan Tomlin,CLE,64,5.84,2.91,0.83,0.64,0.53,0.45,4.91,2.34,0.95,0.73,7.51,362
Payton Sandfort,OKC,4,8.75,2.5,0,0.25,0,0.25,6.5,3.25,1,0.5,7.5,363
Elijah Harkless,UTA,26,6.85,2.04,2.88,1.19,0.23,1,6.19,2.08,2.46,1.88,7.5,363
Branden Carlson,OKC,42,5.76,2.95,0.69,0.19,0.64,0.38,4.43,2.33,0.62,0.36,7.49,365
Mouhamed Gueye,ATL,77,4.44,3.57,0.9,0.79,0.51,0.43,3.77,1.7,0.81,0.52,7.42,366
Nikola Jović,MIA,47,7.32,3.26,2.17,0.55,0.36,1.38,6.68,2.45,2.15,1.47,7.37,367
Bogdan Bogdanović,LAC,23,7.43,2.57,2.22,0.43,0.13,1.17,6.61,2.57,1.09,0.87,7.35,368
Isaiah Stevens,SAC,3,3.33,1,3.33,1.67,0,0.67,2.33,1,1.33,1.33,7.33,369
Moritz Wagner,ORL,36,6.86,3.19,0.75,0.42,0.06,0.53,5.42,2.31,2,1.64,7.28,370
Kobe Brown,LAC,61,5.79,3.03,1.31,0.38,0.2,0.87,4.44,2.08,0.97,0.77,7.28,370
Ben Saraf,BRK,44,7.55,2.09,3.3,0.86,0.18,2.25,6.89,2.73,2,1.66,7.23,372
Jared McCain,PHI,67,8.33,2.04,1.34,0.52,0.07,0.84,7.16,3.04,0.88,0.76,7.22,373
Jordan Clarkson,NYK,72,8.64,1.76,1.33,0.42,0.13,0.88,7.31,3.29,1.31,1.08,7.15,374
Haywood Highsmith,PHO,7,5.43,1.86,1,0.57,0,0,3.29,1.71,1,0.86,7.14,375
Nate Williams,GSW,14,8,2.14,1,0.36,0,1.07,6.29,3.07,1.07,0.93,7.07,376
Julian Strawther,DEN,57,7.25,2,1.07,0.44,0.11,0.63,5.6,2.61,1.23,1,7.02,377
PJ Hall,CHO,19,4.53,3.95,0.53,0.16,0.53,0.84,3.11,1.58,1.53,1.21,7.01,378
Patrick Williams,CHI,72,7.01,2.99,1.46,0.68,0.36,1.04,6.64,2.47,1.04,0.75,7,379
Olivier Sarr,CLE,4,3.5,2.75,1.25,0.5,0.75,0.5,1.75,1.25,1.25,0.5,7,379
Mo Bamba,UTA,4,2.5,5.5,0.25,0,0.75,0.5,2.75,1.25,0,0,7,379
Hayden Gray,UTA,1,6,0,1,1,1,1,3,2,2,2,7,379
Pete Nance,MIL,47,5.4,2.66,1.02,0.3,0.3,0.55,4.13,2.13,0.23,0.09,6.99,383
Killian Hayes,SAC,23,5.52,2.35,3.52,0.91,0.17,1.22,6,1.83,1.22,1.13,6.99,383
Guerschon Yabusele,NYK,67,5.57,3.49,0.94,0.39,0.24,0.61,4.66,1.87,1.07,0.81,6.97,385
Jeremiah Robinson-Earl,IND,22,4.59,4.68,0.68,0.41,0.05,0.55,4.55,1.68,0.82,0.77,6.94,386
Ethan Thompson,IND,32,6.97,2.16,1.78,0.63,0.28,0.78,6.13,2.31,1.47,1.16,6.91,387
E.J. Liddell,BRK,26,5.65,2.65,0.92,0.23,0.38,0.58,4.27,2.08,1,0.81,6.87,388
Drew Eubanks,SAC,42,5.21,3.02,0.45,0.36,0.62,0.71,3.71,2.21,1.36,0.76,6.85,389
Seth Curry,GSW,10,7.1,1.2,1,0.3,0,0.2,4.9,2.4,1.2,1.1,6.8,390
Jahmai Mashack,MEM,31,6.19,2.61,2.23,1.19,0.45,1.58,6.29,2.48,1.13,0.61,6.76,391
Jalen Pickett,DEN,50,5.2,2.28,2.3,0.26,0.1,0.68,4.64,1.96,0.38,0.3,6.7,392
Mike Conley,MIN,54,4.54,1.72,2.91,0.65,0.26,0.63,3.98,1.33,0.93,0.83,6.7,392
MarJon Beauchamp,PHI,14,6.79,2.29,1.07,0.64,0.29,0.93,5.43,2.36,1.36,0.93,6.65,394
Tyson Etienne,BRK,24,7.88,1.13,1.67,0.46,0,0.67,6.04,2.42,1.5,1.25,6.6,395
Jamaree Bouyea,PHO,46,5.72,1.78,1.78,0.63,0.35,0.65,5.13,2.35,0.76,0.52,6.59,396
Toby Okani,MEM,6,10,3.5,1,0.67,0.5,0.5,11.67,4.17,1.33,0.17,6.51,397
Keshon Gilbert,WAS,4,4.25,1.25,3,0.75,1,2,3,1.25,1.75,1.75,6.5,398
Yanic Konan Niederhäuser,LAC,41,4.29,2.85,0.29,0.12,0.73,0.56,2.44,1.56,1.51,1.15,6.48,399
Tyrese Martin,BRK,46,6.3,2.52,1.7,0.54,0.13,0.87,6.02,2.37,0.61,0.41,6.47,400
Jevon Carter,ORL,53,6.4,1.68,1.64,0.75,0.19,0.68,5.79,2.32,0.36,0.28,6.43,401
Justin Edwards,PHI,64,6.03,1.47,1.25,0.84,0.17,0.56,5,2.23,0.61,0.52,6.34,402
Jaden Hardy,DAL,57,9.18,1.51,1.02,0.28,0.11,1.09,7.53,3.19,1.32,0.96,6.31,403
Nikola Topić,OKC,10,5.2,1.9,4.4,0.5,0,2.5,5.1,2.2,0.5,0.2,6.3,404
Hugo González,BOS,74,3.91,3.32,0.54,0.57,0.28,0.51,3.32,1.58,0.35,0.18,6.2,405
Rocco Zikarsky,MIN,5,2.8,2.8,0.4,0,1,0.2,1.6,1,0.8,0.8,6.2,405
Rayan Rupert,POR,64,5.19,2.94,1.06,0.86,0.14,0.86,4.89,1.92,0.84,0.66,6.18,407
LJ Cryer,GSW,18,8.22,1.56,1,0.17,0,0.78,6.5,2.61,1.06,0.94,6.16,408
Tolu Smith,DET,15,3.73,3.27,0.87,0.13,0.4,0.47,2.4,1.2,2,1.33,6.06,409
Asa Newell,ATL,44,5.16,2.18,0.59,0.36,0.34,0.52,3.84,2.07,0.66,0.36,6.04,410
Noah Penda,ORL,59,3.85,3.17,1.19,0.51,0.31,0.71,3.44,1.39,0.81,0.56,6.02,411
Drake Powell,BRK,63,6.48,1.76,1.44,0.57,0.22,0.95,5.68,2.29,1.22,1.1,6.01,412
Colby Jones,DET,1,2,4,2,0,0,0,3,1,0,0,6,413
Myron Gardner,MIA,45,3.62,2.71,0.98,0.44,0.18,0.38,2.73,1.31,0.58,0.42,5.97,414
Joan Beringer,MIN,40,3.9,2.3,0.3,0.17,0.65,0.28,2.45,1.63,0.93,0.65,5.94,415
Josh Okogie,HOU,78,4.53,2.56,0.88,0.81,0.21,0.53,3.77,1.6,0.88,0.53,5.94,415
Tyler Kolek,NYK,62,4.42,1.58,2.74,0.35,0.06,0.89,4,1.74,0.32,0.23,5.91,417
Kam Jones,IND,37,4.38,1.62,3.22,0.49,0,0.97,4.57,1.84,0.22,0.11,5.9,418
Jabari Walker,PHI,64,4.31,3,0.53,0.36,0.2,0.42,3.33,1.52,1.06,0.78,5.89,419
Caleb Martin,DAL,58,3.91,2.47,1.4,0.69,0.26,0.69,3.26,1.47,1.05,0.64,5.84,420
Jamal Cain,ORL,40,5.38,1.95,0.72,0.28,0.1,0.47,3.8,1.85,1.15,0.97,5.83,421
Nicolas Batum,LAC,74,3.96,2.49,0.86,0.64,0.31,0.5,3.22,1.3,0.15,0.12,5.81,422
Zyon Pullin,MIN,5,4.6,0.6,1.8,0.2,0,0.6,2.6,1.8,0.8,0.8,5.8,423
Sidy Cissoko,POR,75,5.11,2.21,1.47,0.69,0.33,0.93,4.45,1.77,1.17,0.77,5.8,423
Trey Alexander,NOP,9,5.22,1.22,1,0.67,0.22,0.33,4.11,2.11,0.56,0.33,5.77,425
Grant Nelson,BRK,4,4.25,1.5,1.25,0.25,1.25,1,2.25,1.25,2.5,1.75,5.75,426
Enrique Freeman,MIN,4,3.25,2.5,0.5,0.5,0.75,0.5,2,1,1,0.75,5.75,426
Rob Dillingham,MIN,65,6.29,2.02,2.2,0.72,0.09,1.54,6.34,2.51,0.85,0.63,5.73,428
Gary Trent Jr.,MIL,65,8.14,1.03,1.22,0.52,0.05,0.63,7.28,2.82,0.8,0.62,5.69,429
Tony Bradley,IND,41,3.95,2.83,0.54,0.15,0.17,0.44,2.85,1.56,1.05,0.78,5.64,430
Gradey Dick,TOR,76,5.99,1.93,0.67,0.59,0.09,0.57,5.05,2.12,1.16,1.01,5.62,431
Ochai Agbaji,TOR,62,5.06,2.27,0.76,0.39,0.27,0.5,4.52,1.97,0.69,0.58,5.59,432
Trayce Jackson-Davis,GSW,53,3.42,2.74,0.74,0.32,0.45,0.42,2.34,1.34,1.4,0.72,5.57,433
Yuki Kawamura,CHI,18,3.44,1.83,2.61,0.5,0,0.78,2.89,0.94,1.06,0.94,5.53,434
Jalen Wilson,BRK,54,6.35,2.11,0.93,0.41,0.04,0.7,5.15,2.04,1.78,1.28,5.53,434
Taj Gibson,MEM,10,3.4,2.7,0.6,0.2,0.1,0.1,2.6,1.2,0.8,0.7,5.4,436
Zeke Nnaji,DEN,52,3.65,2.62,0.56,0.33,0.46,0.52,2.9,1.37,0.85,0.65,5.37,437
Christian Koloko,ATL,27,2.7,3,0.67,0.52,0.85,0.59,2.74,1.15,0.56,0.37,5.37,437
Jeremy Sochan,SAS,44,3.59,2.43,0.91,0.39,0.16,0.48,2.93,1.45,0.59,0.43,5.36,439
Larry Nance Jr.,CLE,35,3.74,2.66,0.97,0.6,0.17,0.57,3.54,1.49,0.37,0.17,5.32,440
Jett Howard,ORL,55,5.47,1.58,0.82,0.18,0.2,0.27,4.56,1.91,0.71,0.67,5.29,441
Chris Paul,LAC,16,2.94,1.75,3.31,0.69,0,1,3.5,1.13,0.13,0.06,5.25,442
Tyler Smith,DAL,12,4.67,2.75,0.42,0.5,0,0.5,4.17,1.75,0.5,0.33,5.25,442
Josh Green,CHO,58,4.29,1.76,0.81,0.6,0.1,0.6,3.12,1.43,0.48,0.43,5.22,444
Liam McNeeley,CHO,31,4.26,2.35,0.77,0.16,0.1,0.42,3.06,1.23,1.26,1.03,5.16,445
Tyrese Proctor,CLE,50,5.44,1.28,1.48,0.5,0,0.8,4.5,1.86,0.9,0.8,5.16,445
Patrick Baldwin Jr.,SAC,9,3.67,2.56,0.56,0.33,0.56,0.56,3,1.22,0.78,0.56,5.12,447
Dalen Terry,CHI,48,3.67,1.79,1.38,0.6,0.31,0.54,3.23,1.42,0.63,0.33,5.1,448
Marcus Sasser,DET,38,5.18,1.03,1.97,0.53,0.11,0.82,4.66,1.82,0.47,0.39,5.08,449
Carter Bryant,SAS,71,4.2,2.51,0.66,0.23,0.32,0.46,3.73,1.52,0.59,0.42,5.08,449
Khaman Maluach,PHO,46,3.02,2.89,0.13,0.11,0.72,0.54,2.28,1.22,0.67,0.48,5.08,449
Garrison Mathews,IND,15,5.2,1.13,0.67,0.4,0.2,0.2,3.47,1.4,1.53,1.27,5.07,452
Eric Gordon,PHI,6,5.5,0.33,0.5,0.67,0.17,0.5,3.5,2,0.33,0.17,5.01,453
Malevy Leons,GSW,25,3.32,2.12,0.92,0.56,0.36,0.52,2.88,1.28,0.76,0.6,5,454
Omer Yurtseven,GSW,9,3.78,3.33,0.89,0.22,0.11,1,2.89,1.22,2,1.33,4.99,455
Malaki Branham,WAS,28,4.57,1.57,0.82,0.36,0.11,0.54,3.25,1.54,1.21,1,4.97,456
Ariel Hukporti,NYK,54,2.17,2.94,0.54,0.17,0.48,0.59,1.48,0.83,0.61,0.48,4.93,457
Lachlan Olbrich,CHI,37,2.41,3.03,1.14,0.32,0.22,0.43,2.08,0.97,1.08,0.41,4.91,458
Tristan Enaruna,CLE,9,4.11,1.56,0.78,0.56,0,0.33,3.11,1.56,0.89,0.67,4.91,458
Terrence Shannon Jr.,MIN,43,5.6,1.14,0.88,0.33,0.02,0.56,3.98,1.79,1.63,1.3,4.89,460
Micah Peavy,NOP,61,4.3,1.92,1,0.7,0.15,0.33,4.51,1.74,0.48,0.36,4.85,461
Blake Wesley,POR,31,4.77,1.26,2,0.52,0.16,1,4,1.81,1.52,0.84,4.84,462
Keshad Johnson,MIA,32,4.25,1.94,0.25,0.47,0.25,0.41,3.25,1.59,0.91,0.66,4.84,462
Ron Harper Jr.,BOS,29,4.24,1.66,0.76,0.34,0.31,0.28,3.79,1.59,0.14,0.1,4.79,464
Aaron Holiday,HOU,57,5.47,1.02,1.05,0.47,0.09,0.67,4.42,1.84,0.72,0.61,4.74,465
Mac McClung,CHI,11,6.09,0.91,0.91,1,0.27,0.82,5.36,2.09,1.64,1.27,4.72,466
A.J. Lawson,TOR,24,4.21,1.79,0.29,0.5,0.17,0.25,3.25,1.42,0.75,0.58,4.71,467
Mason Plumlee,CHO,20,1.55,2.65,1,0.5,0,0.6,0.7,0.55,0.7,0.45,4.7,468
Jaylen Clark,MIN,68,4.04,1.76,0.63,0.69,0.13,0.34,3.35,1.46,0.99,0.65,4.68,469
Tre Mann,CHO,53,5.49,1.74,1.62,0.47,0.09,1.02,5.72,2.06,0.51,0.43,4.65,470
Doug McDermott,SAC,29,5.66,1.28,0.76,0.21,0.14,0.45,4.79,1.86,0.31,0.28,4.64,471
Kelly Olynyk,SAS,42,3.17,1.81,1.17,0.36,0.07,0.57,2.29,1.12,0.9,0.64,4.58,472
David Jones García,SAS,11,2.91,1.18,1.64,0.55,0.09,0.45,2.27,1.18,0.55,0.27,4.55,473
Tyus Jones,ORL,67,2.97,1.13,2.37,0.55,0.04,0.37,3.25,1.13,0.13,0.1,4.54,474
Jase Richardson,ORL,54,4.43,1.17,1.07,0.35,0.04,0.46,3.48,1.65,0.85,0.61,4.53,475
Rasheer Fleming,PHO,55,4.33,2.25,0.29,0.4,0.38,0.53,3.91,1.58,0.62,0.35,4.52,476
KJ Simpson,CHO,20,4.55,1.85,2.15,0.8,0,1.25,4.95,1.7,0.9,0.55,4.5,477
Jonathan Isaac,ORL,52,2.58,2.54,0.42,0.38,0.6,0.35,2.1,0.88,1.12,0.67,4.5,477
Brandon Clarke,MEM,2,4,3,0.5,1,0,0,4.5,1.5,2,1,4.5,477
Nick Smith Jr.,LAL,30,6.17,0.77,1.03,0.3,0.07,0.7,5.37,2.33,0.5,0.37,4.47,480
Taelon Peter,IND,38,4.5,1.55,1.05,0.68,0.11,0.71,4.16,1.58,0.42,0.26,4.44,481
Dorian Finney-Smith,HOU,37,3.32,2.51,0.97,0.43,0.16,0.59,3.57,1.19,0.24,0.22,4.4,482
Bradley Beal,LAC,6,8.17,0.83,1.67,0.5,0,1.5,8,3,1.33,1,4.34,483
Keaton Wallace,ATL,53,3.51,1.06,1.77,0.45,0.09,0.53,3.23,1.28,0.34,0.23,4.29,484
DaRon Holmes,DEN,25,3.72,1.4,0.64,0.04,0.24,0.48,2.44,1.24,0.56,0.44,4.24,485
Gabe Vincent,LAL,53,4.36,1.02,1.43,0.51,0.06,0.51,4.08,1.43,0.43,0.38,4.17,486
Gary Harris,MIL,48,2.67,1.27,1.06,0.56,0.19,0.4,2.17,0.96,0.19,0.17,4.12,487
Riley Minix,CLE,9,3.89,0.67,0.56,0.22,0.11,0.33,2.56,1.56,0.33,0.33,4.12,487
Jordan Hawkins,NOP,51,5.06,1.73,0.82,0.25,0.2,0.67,5.04,1.84,0.53,0.45,4.11,489
Drew Timme,LAL,27,3.41,1.22,0.85,0.22,0,0.48,2.44,1.41,0.33,0.19,4.05,490
Norchad Omier,LAC,6,2.83,1.17,0.33,0.17,0,0,1.67,1.17,0.5,0.5,4,491
Dalton Knecht,LAL,54,4.22,1.39,0.39,0.2,0.2,0.43,3.54,1.61,0.41,0.3,3.93,492
RayJ Dennis,IND,17,4.35,1.53,1.94,0.24,0.24,1,4.88,1.53,0.53,0.47,3.89,493
Chris Boucher,BOS,9,2.33,2,0.33,0.56,0.78,0.11,2.78,0.89,0.44,0.33,3.89,493
Amir Coffey,MIL,46,3.24,1.24,0.59,0.2,0.11,0.2,2.46,1.2,0.61,0.48,3.79,495
James Wiseman,IND,4,3.25,2,0.75,0,0.25,1.25,2.5,1.5,0.5,0.25,3.75,496
CJ Huntley,PHO,4,3,1.25,0.5,0.25,0,0,2.75,1.5,0,0,3.75,496
Mohamed Diawara,NYK,69,3.57,1.36,0.77,0.25,0.09,0.43,3.09,1.3,0.35,0.26,3.73,498
Maxi Kleber,LAL,43,2,1.95,0.63,0.42,0.26,0.4,1.7,0.77,0.6,0.33,3.66,499
Chris Livingston,CLE,3,3,1,0.33,0.33,0,0,2.33,1.33,0.33,0.33,3.66,499
Jae'Sean Tate,HOU,46,2.8,1.59,0.54,0.22,0.07,0.35,2.37,1.22,0.24,0.15,3.63,501
Jamison Battle,TOR,61,3.15,1.46,0.39,0.11,0.05,0.31,2.38,1.21,0.23,0.15,3.6,502
Miles Kelly,DAL,14,3.07,1.71,0.86,0.29,0.07,0.43,3.14,1.14,0.07,0.07,3.57,503
Curtis Jones,DEN,10,2.9,1.1,1,0.4,0,0.2,2.7,1.1,0.2,0.1,3.5,504
Cody Martin,IND,4,1.75,3.5,0.5,1,0.5,1,2.5,0.5,1.5,0.75,3.5,504
Luke Travers,CLE,12,2.33,2,0.75,0.58,0.33,0.25,3,0.75,0.75,0.75,3.49,506
JD Davison,HOU,28,2.46,1.21,1.25,0.21,0.21,0.25,2.29,0.86,0.68,0.46,3.44,507
Jonathan Mogbo,TOR,40,1.52,1.7,0.63,0.28,0.2,0.35,1.1,0.65,0.35,0.23,3.41,508
Wendell Moore Jr.,DET,6,1.67,1,0.67,0.33,0.33,0.17,1.17,0.67,0.33,0.33,3.33,509
Duop Reath,POR,32,2.94,1.19,0.31,0.16,0.25,0.22,2.31,1.03,0.19,0.16,3.32,510
Orlando Robinson,ORL,4,1.75,1,0.75,0.25,0,0,1.25,0.75,0,0,3.25,511
Koby Brea,PHO,12,3.75,0.67,0.83,0.08,0,0.33,3,1.25,0.17,0.17,3.25,511
Pat Connaughton,CHO,42,2.62,1.45,0.43,0.26,0.02,0.26,2.02,0.9,0.48,0.31,3.23,513
Emanuel Miller,CHI,5,3,0.6,0.8,0.4,0,0,2.6,1.2,0.4,0.2,3.2,514
Brooks Barnhizer,OKC,40,1.7,1.95,0.55,0.28,0.13,0.25,1.77,0.68,0.25,0.17,3.19,515
Monte Morris,IND,6,3,1.17,1.5,0.17,0.17,0.33,3.33,1.17,0.67,0.33,3.18,516
Dalano Banton,BOS,6,2,0.83,1.83,0.33,0.83,1.33,2,0.67,0.67,0.67,3.16,517
Kevin McCullar Jr.,NYK,21,2.38,1.33,0.95,0.43,0,0.57,2.24,0.95,0.24,0.1,3.09,518
Isaiah Livers,PHO,36,1.81,1.69,0.58,0.36,0.22,0.33,1.78,0.61,0.33,0.25,3.08,519
Amari Williams,BOS,22,1.36,1.82,0.45,0.14,0.45,0.5,0.91,0.45,0.64,0.45,3.07,520
Cam Christie,LAC,55,2.84,1.42,0.56,0.29,0.05,0.4,2.53,0.96,0.91,0.69,2.97,521
Julian Phillips,CHI,48,2.92,1.02,0.21,0.46,0.15,0.23,2.52,1.06,0.48,0.38,2.97,521
Bronny James,LAL,42,2.9,0.55,1.21,0.45,0.1,0.6,2.74,1.12,0.17,0.14,2.96,523
Joe Ingles,MIN,27,1.52,0.7,1.26,0.33,0.07,0.52,1,0.59,0.07,0.07,2.95,524
Alex Antetokounmpo,MIL,6,3.17,1,0.17,0,0.17,0.17,1.33,0.5,2.5,1.83,2.84,525
Antonio Reeves,CHO,10,2.7,0.8,0.3,0.1,0,0.1,2,1,0,0,2.8,526
Jayson Kent,POR,5,2,1,0,0.2,0.2,0,1.4,0.8,0.2,0.2,2.8,526
Hunter Tyson,DEN,21,2.19,1.71,0.81,0.1,0.05,0.24,2.48,0.67,0.62,0.52,2.71,528
Jordan McLaughlin,SAS,44,2.02,0.73,0.86,0.45,0.05,0.34,1.8,0.75,0.16,0.14,2.7,529
Andre Jackson Jr.,MIL,48,2.35,1.5,0.9,0.4,0.08,0.65,2.48,0.81,0.67,0.42,2.66,530
Xavier Tillman Sr.,CHO,30,1.47,1.43,0.43,0.3,0.17,0.27,1.53,0.67,0.13,0.03,2.57,531
AJ Johnson,WAS,48,3.33,1.15,0.98,0.23,0.06,0.63,3.67,1.19,0.83,0.71,2.52,532
TyTy Washington Jr.,LAC,16,1.31,0.38,1.06,0.38,0.19,0.19,1.19,0.56,0,0,2.5,533
John Tonje,BOS,6,2.5,1,0.33,0.33,0,0,2.33,0.67,0.67,0.67,2.5,533
Colin Castleton,ORL,4,1.25,2,0.25,0.25,0,0.5,1.25,0.5,0.25,0.25,2.5,533
Isaiah Crawford,HOU,14,2,1.14,0.36,0.14,0.21,0.29,1.71,0.71,0.43,0.36,2.49,536
Adou Thiero,LAL,25,1.88,1.12,0.4,0.28,0.08,0.36,1.24,0.64,0.88,0.56,2.48,537
Caleb Houstan,ATL,18,2.33,0.61,0.22,0.11,0.06,0.22,1.44,0.78,0.17,0.17,2.45,538
Chris Mañon,LAL,9,0.78,1.11,0.33,0.56,0.22,0.11,0.67,0.22,0.44,0.33,2.33,539
Dillon Jones,NYK,7,1.29,1,0.57,0.43,0,0,1.29,0.29,0.57,0.57,2.29,540
Lindy Waters III,SAS,40,2.38,0.72,0.47,0.15,0.03,0.17,2.2,0.82,0.07,0.05,2.18,541
Chris Youngblood,OKC,34,2.09,0.82,0.35,0.12,0.09,0.06,1.85,0.65,0.29,0.26,2.18,541
Alijah Martin,TOR,23,2.22,0.91,0.52,0.35,0.17,0.35,2.17,0.7,0.83,0.65,2.17,543
Thanasis Antetokounmpo,MIL,34,1.38,0.88,0.44,0.38,0.18,0.29,0.94,0.44,0.88,0.5,2.09,544
Kobe Bufkin,LAL,16,2.88,0.81,0.63,0.13,0.19,0.31,3.13,0.94,0.75,0.69,2.08,545
Yang Hansen,POR,43,2.21,1.53,0.51,0.07,0.23,0.74,2.33,0.72,0.79,0.65,2.06,546
Trentyn Flowers,CHI,2,2,0.5,0.5,0,0,0.5,1.5,1,0,0,2,547
Hunter Dickinson,NOP,5,2.4,1,0.4,0.2,0.4,0.6,2.8,1,0.4,0.4,2,547
Vladislav Goldin,MIA,9,0.78,1,0.33,0,0.33,0.33,0.44,0.33,0.11,0.11,2,547
N'Faly Dante,ATL,4,0.75,1.75,0,0.5,0,0.25,1,0.25,0.25,0.25,2,547
Bobi Klintman,DET,12,1.83,1.58,0.5,0.25,0,0.5,2.25,0.75,0.25,0,1.91,551
Trey Jemison,NYK,13,1,1.38,0.38,0.08,0.15,0.77,0.77,0.46,0.08,0.08,1.91,551
Jeff Green,HOU,30,2.23,0.83,0.27,0.07,0.07,0.13,2.27,0.83,0.17,0.17,1.9,553
Johnny Juzang,MIN,21,2.05,0.81,0.29,0.1,0.05,0.24,1.81,0.76,0.38,0.24,1.87,554
Mark Sears,MIL,7,3.14,0.29,0.29,0,0,0.57,1.86,0.86,1.14,0.86,1.87,554
Harrison Ingram,SAS,7,1.57,0.43,0.14,0,0,0.14,0.86,0.71,0,0,1.85,556
Pacôme Dadiet,NYK,29,1.66,0.93,0.41,0.1,0.03,0.1,1.66,0.55,0.38,0.31,1.85,556
Chaz Lanier,DET,34,2.35,0.68,0.5,0.21,0,0.09,2.62,0.82,0.18,0.15,1.82,558
Jacob Toppin,ATL,5,1.6,0.2,0.2,0,0.2,0,1.2,0.8,0,0,1.8,559
Bismack Biyombo,SAS,25,0.92,1.04,0.2,0.16,0.08,0.32,0.6,0.36,0.28,0.2,1.76,560
Alex Morales,ORL,4,2,0.75,1,0,0,1,1.75,0.75,0.5,0.5,1.75,561
Nigel Hayes-Davis,PHO,27,1.26,1.22,0.26,0.3,0.07,0.3,1.7,0.56,0.15,0.07,1.59,562
Stanley Umude,SAS,2,1,0,0.5,0.5,0,0,1,0.5,0,0,1.5,563
Jahmir Young,MIA,14,1.79,0.29,0.64,0.07,0,0.21,1.79,0.71,0.14,0.14,1.5,563
Isaac Jones,DET,7,1.29,0.71,0.14,0,0.14,0.14,1,0.43,0.57,0.43,1.43,565
Sean Pedulla,LAC,7,1.86,0.43,0.71,0,0,0.14,2.14,0.71,0,0,1.43,565
Dario Šarić,SAC,5,1,1.2,0.4,0,0,0.4,1.2,0.2,0.4,0.4,1.2,567
Kyle Lowry,PHI,14,1.21,0.64,0.79,0.14,0.14,0.29,1.79,0.29,0.43,0.36,1.06,568
Garrett Temple,TOR,22,0.77,0.41,0.41,0.18,0.09,0.32,0.68,0.18,0.41,0.27,0.9,569
Drew Peterson,CHO,6,0.83,1.5,0.33,0.5,0.17,0,2.67,0.33,0.33,0.17,0.83,570
Javonte Cooke,POR,19,1.21,1,0.37,0.32,0,0.47,2.16,0.47,0.11,0.11,0.74,571
Johni Broome,PHI,11,0.91,1.45,0.36,0.27,0.18,0.27,2.18,0.36,0.55,0.18,0.71,572
Hunter Sallis,PHI,7,1,0.14,0.57,0,0.14,0.71,0.71,0.43,0.29,0.14,0.71,572
Max Shulga,BOS,11,0.64,0.55,0.18,0.09,0,0.27,0.73,0.18,0.18,0.18,0.64,574
Buddy Boeheim,OKC,4,1.5,0,0,0,0,0,1.5,0.5,0,0,0.5,575
Markelle Fultz,TOR,5,0.8,0.2,1.6,0.4,0,0.8,2.2,0.4,0,0,0.4,576
Trevor Keels,MIA,8,1,0.25,0,0.13,0,0,1.5,0.38,0,0,0.26,577
Tosan Evbuomwan,NYK,5,0,0.4,0,0,0,0,0.2,0,0,0,0.2,578
Darius Brown II,CLE,1,0,1,0,0,0,0,1,0,0,0,0,579
Jahmyl Telfort,LAC,8,0.13,0.38,0.13,0.13,0,0.13,0.5,0,0.5,0.13,-0.23,580
Noa Essengue,CHI,2,0,0,0,0.5,0,0,1.5,0,0,0,-1,581
Chucky Hepburn,TOR,2,0,0.5,1,0.5,0,0.5,3,0,0,0,-1.5,582
